#comment? 
#5 raised to the 4 power

5^4

3-11
L <- 3
# name 3 L

L-2
L+10
L-9

#make vector
K <- c (22,11,10,5,1)

#vector times 10
K*10
#try K again
K*10
